7034
2658
132
6850
4506
7210
878
5152
2120
2240
3456
7440
4899
5920
1492
8930
8618
5548
4868
6456
4468
6345
1054
2940
2892
3860
1552
8836
6426
5213
6130
7270
7566
4205
3825
8368
4400
6992
3600
6607
7664
1104
6384
4916
6500
3640
7972
2652
9204
6034
763
9950
878
9466
8072
9783
8880
1408
3478
1300
5044
4853
35
3557
3375
6165
2144
7698
8880
3040
3060
1200
6222
4904
5804
2576
4394
1801
6720
8075
1024
6304
6431
4820
1251
9128
9544
4126
9349
9141
6442
3353
5606
5506
9378
9268
5980
5104
1640
6769
5378
2152
7735
6845
4245
1537
4032
7016
6278
9232
856
2720
1862
7554
1373
4210
7929
9416
7300
6619
2496
4550
5676
4172
6912
1563
1500
991
5760
1634
6800
5104
8672
8108
9073
7924
7264
5110
1598
8800
7560
8760
4224
7390
3500
1150
32
4664
5590
384
1910
1832
1765
7670
4763
9340
6732
7940
3072
7985
5686
6411
2200
1234
7636
6710
2224
4664
4470
8332
4440
993
5820
6597
9226
7335
9515
6272
2728
7292
2940
3648
160
5380
9553
8751
1340
1156
800
1712
9922
6764
5360
4928
2610
8056
4192
6016
8736
4236
1095
3376
928
7561
8276
7079
2288
8796
8753
7948
5423
5616
2410
9815
7824
7189
5985
448
1120
5387
3404
2588
3704
3638
4889
1521
2736
98
9368
1792
4431
3475
4198
9445
928
2364
5858
4260
4988
1063
7344
8125
8832
792
6570
9318
9053
5524
9355
4170
7520
7921
7925
2056
1800
9236
8545
7595
8420
7800
9044
408
9824
400
5755
6550
480
8164
9920
9520
5654
4056
3592
5848
6944
1500
5252
7984
6005
1218
49
9248
528
5840
7328
6756
5393
6069
8483
8996
6560
4870
3005
7435
4196
3188
8843
60
9925
3909
8800
3454
3418
1768
2540
4590
4647
2320
6789
5200
1760
5665
5492
6374
987
6016
133
7573
8960
56
5596
8800
1515
3970
3712
6400
5995
2400
7197
532
2272
4262
9176
9008
7651
4520
5342
5744
4295
4340
5512
3122
3380
9156
4525
256
7676
3642
1460
9211
8127
1945
4980
1358
3704
5312
2760
8522
5151
7096
60
2017
6256
6880
2137
9484
1274
2948
8184
6267
6989
3100
287
8070
8615
4848
6128
4846
4472
2620
2575
5566
1477
7090
5821
7080
7412
9153
8155
2633
4105
8360
4350
7444
4265
7304
4217
1972
7366
4717
7056
5736
7812
1236
9110
7870
8831
5796
8080
836
137
6240
5825
9560
4180
3521
5840
1076
731
5020
252
3220
6332
2305
9600
2534
7681
9658
6860
7268
4477
1277
6482
5685
7584
5026
5002
8730
4372
5624
494
8496
8804
4843
508
2566
7460
9896
1952
7014
7464
6699
2680
4298
4000
6790
384
4654
5684
5423
8231
1072
9590
7020
8948
774
7015
4144
8128
9842
7682
1108
8793
8623
5240
4710
5462
6435
4350
8469
2782
8971
6207
8360
4200
8840
4620
1512
3976
6197
3428
4760
514
871
3512
7600
8145
936
5644
2214
5533
1984
7330
5920
2258
3735
5589
1999
4228
5480
4665
7262
8400
3520
9678
2575
4716
3950
294
4428
545
2120
8802
2677
2180
4347
7233
6
7282
1688
4636
6240
9736
7923
5888
7200
7916
1905
5906
2648
3670
1891
6212
2220
7804
5754
6361
1590
1942
6270
5480
916
6560
4988
4604
4280
1872
8132
7275
6240
3176
6036
6363
2570
6500
9774
5152
4620
9680
4510
1080
8750
5575
3136
4464
3942
7232
7600
3280
2908
5384
5759
350
8784
8032
4758
7100
8752
2192
2072
7018
9242
3381
9985
1423
500
8240
672
4942
7777
9077
3722
7632
84
9320
2035
2552
5804
4808
5557
8050
3769
7442
5244
8188
3434
3454
1073
2715
2320
6078
106
4842
7365
1350
6420
4789
6654
4864
6989
3200
1617
1076
7088
4969
6062
7000
5104
3525
5824
8812
3132
9826
940
3918
7208
2872
7335
5270
6266
190
8751
6073
4656
1100
3252
5400
5330
8136
5200
2329
8120
1094
1006
1060
7180
7200
2144
2012
6295
4756
6120
2916
2280
5848
4896
96
6175
6272
7700
3300
4798
7203
4836
5708
6680
7040
8484
9744
3046
2080
2512
7417
5230
2400
1360
3904
4443
5857
1933
6969
1667
2594
9850
4360
7255
9181
7252
5265
7836
6162
9216
3638
6676
6310
2352
2347
1240
4768
6600
6090
3125
5871
5600
4930
8305
2264
5502
8705
4444
728
9096
6330
4106
992
1186
5414
2732
262
8155
8014
3012
9380
6641
225
229
2574
6838
4606
8666
6395
3270
784
9968
5728
3164
2815
5137
2550
3450
2848
7832
6684
5542
2200
5722
9650
6384
7638
6760
6626
7552
4285
2416
8032
7403
9180
9474
5869
6200
4192
4464
8104
9956
1964
4392
7288
4176
5662
7423
3670
3750
5816
684
570
4609
2060
7830
34
9904
4910
1854
7628
7664
866
2780
4080
9520
3442
4892
2564
5568
1364
7760
7585
5691
2936
8720
7847
4108
4674
5658
5100
6955
475
1664
560
8700
8240
210
7200
1123
125
4094
6671
5376
3869
7322
9741
558
1149
4048
2119
3562
7168
5775
4722
4070
9876
760
5831
8180
511
514
1750
1630
2956
7710
3762
4468
4971
7268
717
1384
4388
4042
6854
1692
2268
6062
7170
672
2106
4568
4025
5996
9346
9998
5445
5327
5456
9170
7365
2824
2865
4180
8912
7527
7717
2245
907
3648
2960
9614
1416
6905
2960
960
9930
625
8817
220
5195
2622
9648
1928
5616
2926
6760
8860
3444
3688
3340
4199
8636
5040
3403
9557
7929
720
1400
5374
592
7274
3186
1980
6348
4500
5367
8080
2383
7096
7201
3810
1980
9027
7706
566
5504
1104
9582
5652
5107
6040
6666
1972
3368
3014
7680
5310
6904
7130
7632
6880
6460
2756
1836
9420
9504
8696
1785
1753
5572
7248
9580
5144
2144
361
5550
5314
8308
6698
4848
500
766
1479
5329
9694
7847
1424
6660
8376
3538
6621
9614
4950
4599
3300
3100
8274
3502
648
5808
7978
3004
4352
6944
1232
4724
3182
140
8640
5950
5438
282
760
4330
8640
4508
3515
4332
1770
6522
50
5656
1024
7260
9715
2836
1622
7302
7032
9192
2660
5020
1800
4112
5980
5600
8710
800
1874
7825
4340
9830
2436
8930
1324
4080
5024
3528
5271
4564
4528
800
3120
2996
9086
8084
1393
9790
5288
5125
4820
2142
2675
5792
472
7625
1140
2448
6307
4215
5485
6628
7196
3250
8976
7180
820
4252
2928
9663
9281
5739
3654
4102
9515
9328
8841
5639
1100
8660
1660
7904
7628
5248
1055
5300
100
9896
6014
6099
7841
2886
9797
6851
1730
6820
4875
8478
518
860
304
8100
5578
8511
510
5845
1554
9087
9220
3620
2364
8368
5576
4200
2164
1704
2712
8672
5412
6196
7849
7735
4490
9960
6875
6402
3704
6896
7107
1875
8632
1519
3600
494
5760
4845
6675
2743
651
288
250
6381
8308
1456
565
4225
2960
4696
3785
3071
851
6716
9936
5352
7841
9324
1046
2355
2302
9832
5385
5986
5703
7797
2380
8404
1448
8560
7056
9140
4900
6200
7594
6275
2327
4655
5389
2338
444
4405
7951
5372
8975
8816
5407
2844
232
7435
9964
2624
2974
5464
5430
238
1776
6208
3684
4324
1820
3240
3200
9708
6591
1735
6776
3000
956
6304
6416
3401
561
8878
6810
143
8376
9125
5373
3295
4496
9503
4530
3088
9672
5462
2273
8250
9512
7469
7128
352
4820
1903
7120
1496
2664
8368
2268
776
8282
9370
719
3584
8969
4211
520
5510
6714
1932
1064
486
6332
7064
3194
9313
6696
8870
1304
703
5392
1809
3729
553
2090
6944
9174
5364
7784
564
7400
3840
4824
3698
4322
3775
3431
2400
5540
5335
6911
2872
5954
8112
5936
5861
4470
9728
3134
3684
8503
2384
6772
2024
1777
9466
2130
8144
7104
832
5058
4100
1560
4207
960
1662
2846
3812
9364
9136
5954
1750
3650
9856
5090
3226
9688
730
7526
9552
1244
6173
6426
3471
4102
4826
1020
7586
899
583
4996
9184
4020
2421
310
1307
7426
7903
8319
6680
2612
3505
7862
9011
550
5963
1200
3668
3427
6696
7596
7832
413
6856
224
7260
8542
4560
1175
8006
7530
823
8982
702
8164
6860
3385
9192
5620
9131
2920
5134
6765
4368
9660
2316
96
2604
5384
70
7452
8712
2818
2798
3568
1436
7770
9819
8834
7670
8088
9584
1100
1373
1682
3960
7814
7040
681
6444
3085
5240
2175
6204
9000
9360
424
1178
3172
9208
3273
3042
4074
2784
6024
4720
6472
4657
9136
4100
2784
1988
7288
1592
9360
7508
5760
5025
5135
8120
1650
5115
5600
6161
7
3023
9170
549
9170
7586
3225
1499
6224
8660
5144
8774
6464
5003
2070
4521
3225
3384
9653
3392
2303
7144
8724
1392
4790
8230
5000
4352
4382
8506
1026
3774
5722
9123
1409
8069
2881
8620
5808
1344
9860
7420
420
7050
7355
96
3868
510
2066
5628
3455
132
6902
1500
7266
3415
9024
736
5420
7568
2950
4620
8360
2656
340
5015
370
975
2734
8326
9778
6278
3114
9916
7788
2060
5472
668
9904
4002
9268
5383
6310
9988
6975
8703
1048
7420
2436
9447
1296
5030
2755
3054
1492
2525
2144
1152
6075
9920
8171
2729
1554
970
6514
6640
7860
3374
1728
1672
9023
7060
3764
2472
7060
9756
8142
2558
8568
9212
9532
1792
2240
1525
4234
6919
697
5300
9185
6685
3686
2454
8468
7659
8159
7745
7476
4190
2640
9365
7195
4502
1132
7522
6524
8370
9920
8088
8865
9150
6940
2779
8590
6788
2133
6331
6920
6502
2050
3642
8777
1754
9440
8760
7680
8068
5378
4152
8687
7070
9476
7350
3670
8519
1253
4581
3250
884
384
7896
6328
8032
7064
6495
1294
8339
1205
9056
9630
5366
6832
2666
2175
6688
8448
2340
884
1380
685
1950
6092
7904
5390
5049
8717
3760
4360
2255
5058
7603
1178
8800
2842
6692
3555
2005
3540
2350
8164
9600
9960
2158
2400
769
7800
7450
6484
4112
8416
1557
8280
4718
514
8103
199
1362
4370
9872
1376
5660
9680
8115
2084
3852
1149
4860
4760
1992
5520
5319
2422
2912
2648
2179
4130
6040
4196
9530
7318
600
4364
8536
640
8720
2139
1948
9800
2409
5440
9472
910
4775
2436
6352
1922
2624
1680
8512
1916
2448
8660
1512
6172
4625
965
7040
5412
7145
9696
1608
1892
2426
5726
4294
8734
1365
4229
9506
2744
4160
5120
1009
8632
1680
6199
6625
3400
2063
9010
414
381
7327
9424
7254
3571
4375
8325
980
5504
4790
6770
2536
4704
698
4692
9425
5724
1466
820
8395
4688
5816
5434
5210
72
6040
104
4944
4907
5184
2896
5610
9278
4944
6058
970
8840
8028
3302
5668
8046
1554
9776
9355
9132
7096
350
9752
1490
9814
9676
5823
9148
2987
4498
4650
9304
1445
9830
2600
819
6860
8530
5496
7441
2520
4371
4692
9145
3188
5290
8143
9806
1116
2534
5800
8864
720
2836
6312
6384
3404
9613
3949
9476
693
8560
5762
8748
1296
5186
2242
2026
4748
8460
7875
1312
8391
448
9890
3168
2172
2710
9792
4999
1112
6840
2724
7374
7424
1890
7110
5509
639
6488
2224
1329
8304
4260
2922
700
3059
1005
9184
520
5274
7164
9508
1217
4215
8262
1301
7128
9350
4436
118
4091
2520
4025
3373
7440
2580
8400
5800
7331
1866
1370
5014
1322
9446
8920
2381
7408
6920
7070
1220
980
4800
2125
9736
9433
8885
8958
767
7458
2985
1720
2328
125
7391
2332
8800
5025
223
8450
5600
2613
9390
8528
5240
1873
6438
7390
1269
5198
4508
1463
1775
28
3485
8244
2215
3460
1100
3607
1930
1524
1260
3030
7374
9680
2700
9922
68
280
7343
1676
3650
8986
4479
7712
9600
5184
7188
1697
1128
1696
7420
28
184
5194
3610
3460
1710
95
3800
6314
5740
6784
175
9232
2990
3405
3242
884
8780
3544
6415
884
3640
5105
5140
3380
6640
9166
8350
7624
844
9750
7442
5152
4800
7832
2878
4928
3320
3634
6775
3536
734
1912
6082
1556
5884
642
4003
8247
5107
5280
5640
334
8583
7985
3144
725
6030
3908
7104
4427
9080
3600
928
7409
5476
9264
4116
5542
2809
7456
636
2744
4500
7130
2779
6610
5250
5570
8272
4569
1693
7140
5115
3980
1748
9750
7852
1925
5966
5128
3020
5690
8723
5850
8188
3364
7208
2200
1795
4050
7625
4563
2852
7707
3406
8516
164
3200
1450
3590
2500
4236
4922
7916
3556
1714
9042
6848
7265
1232
3208
8880
4920
7010
8888
2680
3484
8356
6082
4620
7337
2675
8096
3985
8971
6490
7864
4056
3765
3072
3330
6000
4180
1120
7285
1322
9687
1356
4437
4072
8960
5099
6501
4047
6243
6770
8976
9198
8240
8166
3366
9943
2690
2148
1690
1568
9503
5006
888
6450
1200
7969
3046
7696
9646
6656
7650
3328
6648
9384
3916
1676
6464
7154
4040
7276
1763
8820
9716
4280
3016
4858
9264
9076
7344
2112
1893
6848
1917
16
2336
9248
742
5524
1863
4772
4140
2868
2135
6552
9566
1184
1378
423
8632
8147
4569
2196
513
9571
2590
1812
2970
7350
3952
4072
4420
6626
126
9835
4336
9631
5232
1530
6804
774
7930
1416
2395
2722
5729
5616
174
6522
520
9606
4104
5492
6000
3740
6704
3094
2546
7520
3360
3246
5249
1210
527
9365
2326
5300
3544
7288
8810
6892
4188
1380
5712
4272
34
7523
9768
8654
6407
7939
9961
402
8621
5006
9278
7440
5000
0
9320
7852
8900
6640
3360
6340
1646
6075
9500
2616
7295
6000
6114
3185
650
920
7600
9100
844
4632
1276
6366
952
667
5104
3704
464
1984
6708
5748
1643
6672
290
1000
7300
9695
5664
9514
6320
1280
5918
1244
2768
2814
2750
5049
9477
335
7872
3440
1052
8023
4352
1392
258
4525
7840
6676
5484
8548
1805
8064
8436
6975
5000
5076
3440
5956
6765
796
5684
2540
4631
7104
3952
2499
4789
9467
3357
5326
60
5048
3348
8640
7080
9765
3737
518
9400
4224
7072
4394
7264
6340
4682
8400
144
2584
1629
6596
7349
625
5444
7000
1064
2140
6727
9740
7540
7216
5060
9438
1725
2515
6427
8050
2148
8976
8126
520
1854
6400
6507
9318
7922
4774
7567
3864
8640
4232
4904
9555
5535
5334
3255
6538
1074
1040
4487
6888
828
6240
766
5340
6420
8943
8383
5898
6350
6056
1835
155
3581
6520
4544
3400
5871
4910
8256
4500
5160
2032
8200
1823
8320
5400
6419
1232
7040
824
8525
4234
9944
1069
9459
9298
3355
2228
9872
8934
2824
8142
202
4268
8342
1540
2700
7056
3232
43
6128
9424
7950
8306
4561
8744
1324
6591
8668
9060
1365
9170
2420
8903
4342
5056
4902
8000
9652
6570
5665
9716
5020
8129
2336
7200
496
656
8379
8684
1425
2432
250
1271
5446
2480
9913
9524
6969
8810
9213
7720
3250
8672
3920
8224
994
6212
2294
821
3964
8061
3936
4925
8126
5000
1296
4719
3750
5294
864
9234
8595
256
6894
7130
3995
3162
9568
7489
3192
9256
5116
6366
4490
7372
1495
9616
1927
6446
6875
7364
9040
5049
2608
8400
3588
8636
8744
7795
5022
6480
834
8597
6192
4768
516
4249
2202
4352
4560
1370
4180
2910
4681
1449
2848
6437
8860
4960
7188
6760
9700
3400
1712
7576
5245
3278
280
1488
6481
9925
2571
9496
7190
9885
8648
1194
4464
2524
690
3126
30
6415
5925
2849
5265
4529
9812
6932
3900
347
336
7980
9442
4390
9078
5092
7742
3169
3886
9413
4770
7088
1122
9931
761
8510
4210
6720
5636
3498
1795
2344
7104
2541
2013
6972
7615
3260
332
1968
8235
1239
6430
844
8832
512
1010
2976
6917
8056
2488
3965
9354
7288
9727
7250
9248
4890
4951
9737
8760
1565
2205
8250
1445
4420
6899
8966
6288
6250
8260
1288
2175
1208
4546
5011
4916
9096
5940
1192
9084
5134
5991
4416
4250
5347
3530
2796
8058
3383
4442
3370
960
1631
2896
1980
1371
940
9460
671
2400
8160
7108
4839
9493
917
5420
778
625
1696
4560
3375
4721
6208
3235
6175
7845
2448
6348
8000
7882
6208
232
9625
902
5525
6808
9176
5250
6222
528
8600
3750
7546
9695
3392
7112
5519
3440
613
5140
7634
4530
6980
5314
1920
7540
4586
4166
9324
7006
4246
1064
2590
2702
3436
2220
6384
1512
4880
3475
4841
6801
6189
1770
5710
9279
5981
1328
5736
1900
8139
7340
5930
9740
9150
4740
5856
7980
1500
7756
4000
9675
2608
3325
0
4800
4500
4656
1913
8226
2000
3570
9318
2904
6727
9160
3432
2225
4350
3727
9520
6344
2
464
4256
7920
280
5420
8080
1548
3890
1422
5440
4694
7440
2910
292
5312
5917
9030
6472
4208
9132
2746
3414
4160
8640
1183
6300
454
7700
832
9676
5560
5575
3500
9968
2446
5162
4816
6494
4990
8152
1000
9716
5958
545
4458
5840
9396
8008
1952
1096
7481
5328
8278
1749
4640
5144
1050
2972
2145
9436
7240
4771
9484
8960
1244
4424
1970
4426
5062
2962
2042
2370
2200
7956
1436
750
7852
952
4926
2600
8900
9912
816
7912
3172
2750
3864
4634
8664
9057
9914
3938
2999
1227
8038
3575
4630
8620
5000
5975
8008
76
8875
2885
5466
9245
4064
4181
5295
8569
7584
8259
3581
6546
4308
660
6663
9000
7750
5840
4620
360
3975
9065
4951
4664
4240
4010
3520
4610
1940
8763
944
6816
3432
5775
8296
8078
1540
8896
238
9568
1772
8530
868
9152
3330
9464
5042
9736
8152
3312
3141
1370
4565
2182
7381
5613
864
580
108
7930
2004
8416
8523
5037
2137
4435
4928
775
1573
9216
5410
7754
1136
8982
130
8680
7291
2182
6448
6800
2386
2340
9040
1364
710
5981
4835
1130
1886
1792
6073
4394
9158
1213
7920
8197
1088
5710
6800
5441
7616
8867
1119
5818
9190
7984
2390
6294
9260
3344
2512
9076
4650
2400
3222
360
7416
6603
2952
8056
8014
570
6816
7170
7535
428
7680
1984
7081
1164
1400
60
5348
6144
964
8304
5000
3268
2470
3800
7092
7774
5304
3836
8600
1200
3943
9040
914
125
1383
4736
3240
9616
3980
4632
5300
1206
4375
2691
7586
3799
4960
8072
5049
5785
8180
2514
8947
6307
6312
2602
7665
1600
8509
7970
9468
8359
1400
1168
6552
1956
844
2288
8710
2790
5128
6579
9545
4857
4132
6002
3790
5674
328
1088
6913
3271
8280
5725
3555
8260
2418
104
8784
1250
4554
1056
9610
6811
1520
356
495
6164
551
7714
5669
7472
1646
7954
6398
90
6978
8484
2304
9630
8660
1629
3231
2008
1305
8263
9749
1000
2419
8031
6538
146
7038
4132
6376
2520
8320
7224
48
7880
8923
5975
3124
5770
3300
1148
752
8440
4640
6615
3788
760
9672
4904
6388
3674
8200
6672
4400
4032
8144
612
4254
4150
5348
7709
6488
6078
8946
1590
6093
5992
4303
2440
8346
9637
3771
5628
2370
8700
2884
5390
264
7767
6018
6985
2616
5094
2364
7444
2760
3265
7976
485
4728
9460
5704
5716
9928
4342
3035
6389
5787
4856
8061
93
296
6080
7046
7040
9664
6843
208
5063
9084
4764
4190
7550
6800
2466
1380
7198
2035
5904
7104
7800
288
5664
6436
3248
5680
4317
9565
5024
4096
5775
5803
8198
3896
3175
1994
1112
8250
8224
4900
875
7910
531
1232
6225
3270
6801
3136
352
9696
5800
6300
3800
4330
6008
9904
3264
1104
1124
8936
9555
5472
9168
4520
3776
7390
849
6722
7325
915
7796
9600
9750
6580
5639
3912
3624
400
7440
8085
8231
1816
7550
5675
4990
1200
7528
3914
1896
4622
5224
9334
3090
6059
7582
1503
6640
6667
5724
7550
1956
3276
62
1542
1678
9316
735
9111
5365
3416
4540
7300
9120
1322
8940
8760
9744
7564
4612
2298
1010
8240
4568
6297
5411
1292
999
336
8508
3652
5964
1520
6434
2913
4032
9774
976
848
6037
4590
8306
1482
4930
8961
5054
7448
4333
9309
4560
6120
4485
922
2012
604
9280
4042
2408
6484
9759
9631
9110
6827
7020
6128
1234
2200
2056
2210
4401
5509
7484
8044
6013
7561
6934
6000
8464
7048
668
4900
4482
4500
6986
1180
9944
9072
9760
5928
794
9748
946
5175
4635
8698
7802
4300
1680
7824
3644
2319
7497
5998
1020
870
2870
6464
1006
9035
3553
280
9904
2288
7552
2559
7443
7392
7634
8770
79
3000
5786
2074
5010
999
2980
3900
3368
6954
5224
2795
7074
9323
7091
7262
5862
4768
9942
1860
9741
9140
3090
5048
395
7452
3824
3070
3440
5430
6987
8096
5970
8856
9568
6130
3822
1885
7637
3356
7196
7440
1776
8820
9552
6704
1080
6514
5580
9930
8172
8992
214
7840
3836
450
8966
530
192
7887
3532
8425
7849
7968
3316
7294
1509
9047
9620
3974
1874
3420
676
654
6638
8504
4653
3161
688
1552
6460
8309
6106
5636
6800
3060
3136
9600
8808
3384
7113
6208
6817
1425
996
7888
1000
2788
2245
9347
9370
3200
2192
3964
9504
6294
1340
5375
2630
8010
340
8000
6250
4325
2298
3585
6027
7280
2776
953
7375
2252
7900
9937
9288
1002
3960
2288
1012
702
5607
9569
8900
6295
1865
4785
4091
144
3600
795
4240
6600
5936
1232
20
3451
8180
8840
6786
3598
7624
8312
4229
5349
7695
100
1640
8820
6515
520
244
2428
4584
3032
7197
6156
3152
5352
9906
4572
1885
6562
8961
9813
9904
7395
7074
9196
4816
5340
5344
2460
8320
237
9560
6460
3664
3474
3661
8176
6342
887
3740
5248
5576
6960
1918
6626
4618
3554
6009
8750
7424
8496
855
7616
9840
2990
6240
2896
9874
448
2338
2145
2147
652
4240
9309
8680
6840
8349
6998
4810
9242
8313
1264
2448
3420
8783
5259
7095
8525
4784
6335
9600
1606
5158
5509
988
932
9294
6601
2171
2560
3100
6168
6442
3260
5102
5908
6380
4872
4527
6429
9108
4309
9686
8642
7196
831
4210
9327
7645
7600
5772
1482
3866
7008
3666
1110
7377
4830
9558
9866
3176
4645
7055
1430
4540
2618
9898
6161
7270
9850
2844
1615
7102
8232
7520
2586
1712
301
4800
3797
9430
3812
5250
5740
9528
1864
9119
5608
5356
8000
1782
2052
6585
9456
7085
4294
772
1713
6608
1700
6568
6028
3872
3008
8488
4840
7255
3818
2074
6660
5716
946
6814
9000
800
1729
2702
576
1172
1200
4592
4950
8544
3150
7510
1995
4048
3360
4178
9593
3172
3705
9616
3139
3001
6663
5809
576
6876
8910
3756
265
301
7136
9500
5179
4648
4257
6111
6162
5314
8358
484
5375
9408
8664
8680
4088
705
5541
8579
7420
1756
9689
7770
2380
6160
5548
6145
460
5556
2539
5496
302
8450
4175
593
2022
4392
5555
2520
6238
5635
3370
8923
4399
6585
4700
9992
4150
3250
3090
7386
1400
9550
5950
830
6568
6876
6868
736
7600
5892
2488
1940
3297
3920
8112
5438
9390
836
5496
2239
7020
8540
1174
8849
4790
547
3708
7172
9527
9278
9425
2535
5432
1268
9471
1179
230
573
4664
3358
7867
4385
6626
7737
7704
4080
7542
5086
9069
4680
3171
3030
4680
7488
1960
6704
2700
1200
762
8095
2670
4992
9452
136
1972
3580
3006
982
9454
4389
8728
4701
770
6794
5308
6383
9568
2608
1335
7894
998
782
3578
2594
2908
7788
4320
5104
9845
9680
1070
6935
4275
7046
2559
2476
2699
3800
2350
8200
7804
2451
8595
5664
2269
1390
3241
5768
1165
1688
5175
1733
7200
1860
3092
7020
6840
7884
4208
5264
5080
4669
6748
9560
9570
8260
7570
1153
8827
7401
6540
2160
4320
7848
500
30
9064
6147
1940
6075
6450
4320
1685
2812
1480
8813
233
1580
1814
1836
5983
2300
7208
1520
9067
4905
8871
8623
4502
5612
32
4158
6696
2015
6516
8380
1244
2110
5380
800
4402
1124
8592
8884
5422
9386
4402
5720
3600
8336
5720
9589
6380
7932
6185
4924
5675
7379
2934
1776
5926
3354
7526
2512
3890
5027
9584
977
9932
2076
8576
7821
9580
8594
6560
190
8344
5606
5833
4710
7179
4573
124
9544
4814
7067
964
7809
283
6192
183
174
7716
2600
3239
6420
2680
2828
289
5712
4696
1227
6244
1087
408
8050
4960
4725
6775
1337
6823
6761
960
2564
3470
5280
6010
8050
8650
3852
7033
2632
8726
2434
3280
6566
4444
5260
5239
9617
2886
1504
613
8192
6948
466
4582
8316
2380
6724
8748
3544
2986
2065
351
8724
7902
3729
1936
7151
8240
6719
9039
800
312
4812
1760
7272
7564
5725
5380
9134
5592
9413
8144
3501
6832
5676
2598
3532
2272
3425
7754
6530
615
9811
1410
9534
4386
3580
7432
176
9092
1912
5454
2692
9120
1510
9585
9750
632
3528
9464
440
3506
5469
6072
4938
8500
6044
6801
3057
1600
7680
4315
8244
1431
4530
1085
9416
1082
113
5636
406
5280
9588
5971
1638
4660
4192
9504
9944
3908
8798
9895
1117
4492
5183
4836
8896
8968
2640
2572
9392
2686
4825
9615
1005
3614
8400
960
1918
736
2944
1937
1656
5000
4266
9030
914
7510
1584
2440
4000
6920
4040
3127
8718
77
9328
4928
3928
161
9310
528
8122
3952
9897
7325
3850
7068
3720
1600
5000
4844
1144
4858
6142
8472
232
5880
2748
1325
3328
7568
625
3900
9040
8617
8734
6149
5568
6246
827
5561
2900
9424
4850
3754
1176
1866
6093
1456
7101
1322
634
8150
816
630
6096
7920
6560
444
5876
1080
4714
8230
876
3846
9195
6260
1996
5000
2409
40
8158
8224
564
5051
4080
7650
1875
6152
1800
4898
6014
4802
3158
3486
48
8950
4365
4426
670
8003
9705
3580
3932
7485
680
5260
1427
4280
4969
7100
120
6344
4060
1759
8344
1464
530
6705
9274
4447
401
2985
840
3500
8336
3966
1575
8920
5600
230
1720
8920
9532
8625
9292
6264
4600
8410
221
3775
864
3128
6256
3400
1000
5949
8075
6506
6080
1264
1299
928
4010
584
574
4837
5749
9295
7008
8200
8918
9573
7826
2612
8515
6745
9780
7209
2163
3152
9418
2560
3970
1263
6021
736
2640
4084
4035
394
7166
9520
7627
7726
4649
3888
4636
3805
7848
9814
626
1496
7737
4040
7060
2841
1072
9575
7927
32
2430
6340
1054
8856
4845
6447
3221
5774
9236
1924
1134
9430
4352
7975
1049
9447
1546
5725
5923
4503
6220
2496
3280
3883
4868
9440
3500
3864
9312
9626
2175
3755
9246
6206
6656
5500
8400
7830
5795
1760
3304
3760
3385
9747
5779
1280
4344
6663
7301
6728
8523
2640
8514
9813
4750
3871
1184
2811
4040
15
7482
5200
7062
9832
265
5808
5826
1618
8134
500
4080
4044
1462
5040
5280
1975
7702
130
6392
1261
2176
6756
9672
4295
8510
8576
6126
7544
8800
7403
2380
6196
9736
7672
5040
564
1168
4767
8316
9950
1886
1128
3884
7913
3800
1465
1949
6730
4180
5060
6835
5750
7597
4240
7802
2800
1346
5165
8200
5865
2750
8529
6760
3844
7696
9130
7676
2432
8115
9088
5337
2080
8660
234
6577
145
4300
6896
6886
9125
6859
4924
2428
176
706
5395
2791
4240
1891
8449
7815
9948
6428
9324
368
9476
7622
3600
4412
3616
4454
2346
3454
5620
2278
6352
8456
9835
1244
3475
6536
9386
3860
152
6472
2487
9385
344
6330
9855
9100
6897
2856
4514
6068
2988
600
9240
4636
6440
732
5866
4067
1927
46
8720
4652
1750
9520
4624
6760
6640
4840
5097
7467
6505
8846
1340
2820
5334
4988
6830
1827
5379
1250
6069
9318
7094
7280
9105
4674
9488
6224
8076
5622
4455
4475
8914
5944
720
3821
6602
6480
8960
2200
8137
4948
4000
2900
6930
4089
2722
9204
7652
6266
193
6530
7850
6804
2464
8320
585
7040
1250
781
5321
304
4125
2375
3680
6892
5520
7005
6228
6726
7300
5740
9787
7990
2410
2414
2283
4840
6658
956
104
8880
8212
2185
7885
3324
35
715
8720
6602
1912
9093
3744
6910
1584
6904
7050
4915
9364
8303
4840
5215
3120
2567
6766
8376
1124
8736
5391
6781
350
5874
8074
6396
2605
740
5600
1424
5712
2854
8612
8972
8860
8602
7250
9500
1756
1825
3286
6213
5756
640
9515
2983
4324
9240
7870
1328
9500
9100
9701
4078
1240
8242
2321
3312
400
6302
5046
3349
8356
3450
8557
4142
7430
7408
3474
3049
9660
5732
4983
2376
6516
880
3798
9777
1180
8704
7880
1885
1280
886
6338
4445
2689
6115
828
4424
7434
1930
5062
6357
7174
7250
368
3520
3040
4495
1300
152
4022
6242
2240
3624
7705
6921
867
3820
6960
1376
352
3477
5080
8120
6000
2961
89
2392
5392
5925
1818
1736
6016
4816
7593
7296
9054
7468
3361
7590
4125
692
505
8645
2572
7188
103
8592
8558
193
6880
836
8008
7723
2240
6876
8031
4656
1848
1888
6150
4436
8169
8995
9920
2367
1756
6900
9396
6300
8000
4121
9014
4364
2424
3260
5328
6620
4750
3120
4375
1590
6892
5750
5515
8240
6455
2837
1200
2847
2491
2464
6295
3550
3570
5782
7860
2034
6366
8782
1185
7360
7360
2671
1225
886
5562
5301
8552
5510
400
1642
4786
3715
7422
7596
7744
1514
2584
6528
8598
4857
3044
8600
2708
5914
1814
3660
7186
5842
3300
437
1878
5176
7556
2824
5260
4684
8084
5325
8352
2375
9051
4709
5566
3816
3574
4137
3280
3938
3414
2108
2871
7174
2180
3085
632
1576
5844
82
2528
8063
1600
4390
252
8116
9709
1214
5183
6551
8605
7540
452
9876
2693
274
6967
8916
3310
8790
540
754
560
2592
8279
7846
3275
6413
5618
3910
5125
2837
6312
3852
2831
6014
6106
4046
7261
5876
3334
5546
4550
4160
8526
2840
6036
4176
254
1080
9784
4448
8125
4861
2228
1355
9701
2862
6905
8196
2624
2600
7460
3720
4619
5071
4412
5496
7518
288
6180
8715
5930
4236
1225
2608
6392
202
170
978
6320
5916
3478
7951
6470
9768
8650
6920
814
8109
8870
760
1665
2646
4366
5430
2528
9895
4632
5433
9106
9328
211
5010
1170
8135
7438
8307
1315
825
7176
1754
0
721
1520
2870
7804
8320
9888
5581
6120
294
1750
7060
1360
2808
8840
3779
4740
1458
4768
3474
8230
1531
9010
516
4068
8685
750
5279
180
9376
2628
5554
6568
4728
250
4925
7795
7256
3516
4038
5399
5272
9878
7167
7438
4400
2865
1512
2372
1456
4962
7952
1420
5095
7532
1311
1580
7764
8534
8037
4720
4251
6672
3696
7029
5658
1731
6100
990
2500
5502
7122
6012
2642
7900
8388
4830
1525
8576
3912
3908
5888
9504
8480
6640
7085
1595
6380
1312
2848
5485
2740
9813
2350
4505
7816
3214
3070
9644
8593
4542
4280
1552
7440
8330
6745
7572
7881
4096
5536
6482
5056
1750
8425
7029
1733
199
7260
4730
1132
585
7261
3108
8442
935
5940
6906
7720
8106
8670
2851
7840
7180
3383
507
424
2443
756
3133
456
7440
7968
7555
3860
3840
3177
1586
6701
7992
2840
2830
5332
3224
5496
1050
5820
8264
4270
3216
5160
710
6520
9900
4694
1968
622
4240
6785
9375
9734
6884
88
2575
9594
2250
7276
6665
7727
5780
692
3732
8711
9786
597
4932
8228
8195
282
7920
3280
1334
6736
9552
9952
8647
6751
7820
35
5648
272
2621
7340
691
3590
3620
988
7805
2508
8652
6152
1425
8587
8
2684
331
9694
3580
9868
7672
6400
4876
8382
8471
2036
255
1580
4904
5304
5181
2540
3894
125
5450
9298
5990
4116
8084
1622
1650
9020
8768
3060
3800
41
6034
1724
666
7128
8682
800
2417
924
8550
6450
4372
1962
1880
2878
1755
2789
6360
7350
390
8199
9112
8184
9248
4912
460
9439
5480
1368
91
4328
6876
1664
6520
5031
7675
7652
5797
4160
6411
7560
5775
2860
7866
8012
3822
9075
7372
4919
196
2276
5008
4437
8335
592
5864
1366
6100
8748
6180
7736
2098
8198
3120
3200
5540
2847
6868
3120
3020
854
5304
5374
4720
6724
1857
6368
776
2872
155
9980
748
6348
1417
9712
4800
7908
9565
5272
516
5279
6044
2955
6490
8736
8427
2320
7364
2805
6482
4208
49
8020
8330
2407
6445
2159
5692
5454
110
6256
5840
8832
1396
9104
4057
2304
3214
2280
3352
6074
5300
5550
4158
6169
4500
5346
7088
920
8064
9360
8388
92
1312
5428
6464
7055
278
8412
7650
992
6968
6892
3052
5775
1310
3585
301
9480
5623
7370
7246
3880
208
1526
7471
9984
2335
4224
4718
9213
9700
7152
1580
9280
2251
7587
6399
2800
5544
4702
1696
3270
136
9925
7956
9072
5176
4432
9864
6376
9431
1686
4804
6268
6320
5836
8962
9862
1467
2801
1320
2838
6072
3119
5446
5884
4044
6024
884
5625
8050
2238
1000
6108
8922
8184
8575
2980
3632
992
2398
40
2269
1250
4474
2492
3736
9740
8773
7604
8648
556
2400
775
1144
7252
3280
5454
5192
7660
300
850
6660
7243
7800
3342
6065
6675
4539
8356
5200
3416
6392
9351
1094
608
6721
5660
3308
6600
1711
1628
769
5590
9152
6620
4925
5826
3008
4748
3868
899
7472
5622
6977
1623
6175
9690
7849
640
8290
464
0
886
2070
7140
2400
8962
5545
2804
6960
1109
9824
2135
4710
5410
7415
4746
9021
3720
6912
7745
7360
6534
9104
397
8486
3830
8826
2334
8735
6876
5001
7328
8656
3440
880
1486
2215
9400
9382
9393
1656
1556
1700
6984
3344
4775
7123
1571
575
1402
6313
7152
7110
3748
4862
6220
2533
1825
1756
9584
8980
425
3075
4583
2848
7225
9986
7499
220
3678
3859
2249
3226
304
1104
6296
1501
2137
6400
4420
6000
9728
3193
1622
2220
9410
6436
6085
3810
904
310
5564
252
9298
848
9755
8636
5456
1675
7815
6706
832
4174
2599
5364
7233
819
1964
4140
252
470
1140
924
6138
6399
8170
97
1320
7508
4540
1597
864
4996
7624
7610
8752
1628
8268
7992
9920
7224
5228
3883
7464
424
4464
6043
4720
9859
982
301
7136
5973
6698
4785
4814
2920
9682
8616
680
2608
5330
2570
6940
7747
5932
5486
404
2704
7745
4900
2335
1452
7162
8479
4422
8615
7940
5284
7790
904
5850
6812
5176
8420
4595
5856
5824
8800
4304
686
3062
7710
3840
7914
4960
4458
5056
5663
3516
6714
4490
6300
9342
4644
7892
6725
2016
4193
7485
5584
4688
8885
8341
5404
1316
3440
8420
1776
2591
965
2310
3070
7640
9680
184
7792
7664
2675
3232
5816
1360
7127
4621
5344
7652
4933
4880
6690
5544
8320
4576
1281
6483
9223
632
2692
6382
5484
2135
2700
2265
1630
6955
6344
2918
8272
875
1665
8216
704
4506
2340
8532
6922
6944
925
9779
7874
6896
6400
3828
2282
948
5353
5186
1934
9382
3616
4739
3120
3875
3678
5212
4788
6200
5237
8738
144
803
617
6945
4497
5128
7832
9280
2273
488
4938
9070
6920
3508
3615
1552
6624
833
0
9104
2626
770
7710
4468
9040
6923
4694
1570
184
1732
2730
9461
1695
4350
1740
5360
960
9343
1123
3147
4106
560
4200
4915
8704
2709
8768
4080
2700
7025
9280
8301
8670
4767
4207
8471
5024
197
4896
2360
2656
8075
3025
3821
6299
6070
6442
1481
332
3906
3156
8048
9260
8704
4665
1242
2678
8874
3398
6920
5376
7392
3750
532
3115
1961
4941
360
8282
8203
6284
8669
8430
2988
7404
1760
6725
8406
1468
1109
6405
7344
3084
5658
6812
8640
1911
6850
7004
4883
1383
1134
2557
6900
4880
236
4770
9590
8280
634
5936
5512
8580
2168
5048
8396
7535
3623
6656
8368
2628
9325
6176
8602
2659
295
9582
3439
3998
552
4592
4330
5831
3975
5813
3615
2003
9826
4820
5288
3224
1294
8250
7344
2866
2480
6310
3224
3354
4299
7904
4264
2650
3635
9254
4011
992
7739
7750
6566
8208
5024
5040
2732
7845
1062
5403
5070
1836
3058
350
1664
2447
5334
4680
322
6400
2986
8484
7504
9566
6447
2507
1900
5634
2856
8365
3322
3532
9320
500
1004
8036
7261
5651
7352
1614
4000
5300
8525
4706
8453
2879
7935
2428
2580
6844
8290
3194
185
6956
6561
5550
5068
6230
6024
2368
9802
443
5690
3692
4786
8289
8142
3590
712
8055
8773
6488
9982
7072
3475
4655
8963
6980
7318
9378
7741
7574
5920
1470
4104
384
236
7892
8024
9064
7306
8160
8412
9424
6345
8720
6625
1600
1012
9688
4962
3204
3154
5015
9175
3280
3640
4133
9340
5418
8262
9798
5352
4080
3278
9369
9805
2936
5932
3560
8800
4836
7732
9139
9846
5396
5143
5181
3920
676
400
800
2560
9250
5760
2108
5377
2970
2396
3188
8307
7492
5038
9296
6782
1741
7780
4427
5350
8182
4100
4256
3344
6868
5812
4400
9600
700
5168
6372
7867
1357
9868
2400
4996
4401
6904
5130
1376
9344
2730
5800
4351
9331
6528
9964
2265
1107
3396
9984
3229
4360
4635
3089
6738
9170
3095
1120
3014
9030
5448
9956
1765
8405
4897
1297
9710
2442
9180
2491
5896
5408
9375
813
8740
1100
7280
7476
7360
1052
5640
2439
5942
4685
9380
9542
6016
845
8680
211
1198
2114
1008
4848
1846
6007
7830
5246
2292
5099
7256
4863
7583
5074
6960
7448
2748
1300
5927
6697
5546
6200
2784
1100
7752
9381
2629
3072
3280
1046
4
2195
3542
5872
9107
648
4010
1500
3336
2042
8565
53
7858
6029
4080
2914
1200
6610
6000
2440
2645
7766
6528
4899
100
3335
56
1680
2560
4120
8160
6102
6473
1369
6808
5136
7451
8363
8668
1020
4130
3972
6852
6960
5680
6250
9368
3449
1686
6088
3692
7324
5630
4050
4036
1577
1980
9890
7748
1131
4266
4398
2140
5382
2890
7650
8448
7096
1050
4190
4708
4761
3288
1215
4944
5624
2696
9496
7175
4228
9162
2048
8365
6882
8989
6527
680
9430
830
6631
1498
4
4136
7917
8696
1441
8962
6464
5010
7609
5500
9628
9644
5960
2021
7418
416
1076
8301
863
6799
8720
4466
9574
8292
2146
5716
8580
9600
4314
3270
4650
4958
8412
770
7232
6517
2858
8344
154
1168
3867
9903
7784
3860
5610
6056
5400
6228
6188
8242
8912
8745
3227
5754
4861
170
5650
5450
1912
6750
302
8346
5710
520
5900
7936
985
3549
2957
8370
3898
6708
4080
9920
6052
1813
5045
4657
4984
3270
4563
5281
6830
8120
8096
704
9685
7025
120
7121
9360
62
6190
5172
2794
2956
800
9782
8096
3243
350
9600
7598
5635
7250
5040
6248
9800
925
750
5328
335
8192
3768
6647
1040
3872
7154
7043
5136
4894
5300
923
9086
9531
8468
2991
483
2384
8565
4614
5520
9972
4247
2558
8520
7174
3934
270
9232
2555
9854
5895
2444
2141
8625
7991
3335
2555
6085
7530
5014
8180
360
9855
6680
9712
6405
3595
1040
6434
455
4827
5466
6240
2560
512
5725
2701
2251
2752
8800
1786
2835
5571
5883
3806
977
5869
8516
9580
7600
3843
8784
1183
1732
2064
6365
3560
5136
6214
4345
9751
1925
796
90
6353
6444
3732
9680
6749
2240
7073
1756
4064
9072
2832
3062
6190
908
3478
9216
4863
7531
1170
5995
6200
8810
6977
2173
1284
2268
3680
7872
9582
180
9208
3670
7865
9763
1324
5394
6840
2115
9209
7182
9073
3541
6469
5141
2880
191
8560
459
5936
5150
9945
2980
2288
6400
4792
7264
7625
1993
2768
1976
4407
8881
1152
303
3292
708
6210
6268
4655
8318
283
3120
1352
5615
9632
7251
8023
4914
1175
807
2690
5280
6475
8000
6684
3372
4182
9651
2537
3993
9840
3520
7116
2705
2460
6242
3768
2438
532
5775
4460
1831
7600
5236
7702
3006
8609
7754
5948
5983
3308
9609
6316
3340
5200
6253
7008
2352
4605
2226
334
9515
8850
8276
8916
5004
9484
3732
7040
7184
4380
5296
2275
5182
5926
1488
8037
6900
5097
9132
3510
3571
4898
2590
1236
9120
2510
64
2284
8062
2422
1080
1388
6418
6825
1552
8400
2984
9641
4760
2800
7010
2276
9424
4343
3875
1000
2454
1774
4426
3276
1400
8004
4281
4107
4800
4368
6650
1908
2800
7213
3563
7429
7079
7896
4896
3660
6495
7371
1488
6208
857
6915
6210
3540
3760
5060
2084
7820
7365
238
3776
1320
4490
2012
2944
6655
4495
5349
4640
4200
4330
7600
835
2496
3650
1715
540
2679
7344
8822
3738
3328
4884
4040
7500
2264
3504
7042
5875
9931
54
8014
4738
2804
752
1502
1400
7829
928
2435
9776
7881
4448
4099
1645
3338
4743
4508
0
4637
377
2986
3251
234
4280
8698
1240
1875
3228
3930
2354
3000
6866
9350
564
1567
5192
4907
3258
1250
6758
3498
9040
5120
2069
7456
5760
7194
3771
4962
178
8066
7215
6460
1868
380
6170
3784
4372
364
124
5330
9227
8930
4188
2808
100
2468
1050
8731
6330
6432
8759
7504
3530
4282
9871
284
6909
9000
6702
4352
9809
1464
3616
4908
3232
7788
3240
8751
9912
7600
278
4400
8424
698
5522
0
3864
8824
4678
9385
1288
7487
9167
2000
9735
660
2636
7052
25
5876
3882
6360
7336
8322
7952
1604
346
5625
2278
4058
5620
4610
7890
9050
9679
5575
492
9186
4299
6943
1233
8640
8504
8560
1377
8362
1502
9555
5167
9904
4608
9595
8400
4168
4320
7353
6620
5105
4070
7545
9884
1448
3330
2668
59
792
2788
7454
7402
550
3550
3340
625
4864
5560
7990
8050
6024
2825
6658
6231
6320
6430
5805
185
4957
190
5900
6971
2471
2084
8668
9007
6670
6543
1410
650
8160
2107
1955
9550
4318
8050
3544
7424
524
3320
3991
6200
1912
7264
2386
1338
4998
5960
1304
905
9046
1234
4630
8422
2836
5620
7140
2332
1172
8102
270
1672
8160
3874
4890
1027
9600
6985
4732
1859
515
9264
2935
2647
7008
8942
3656
2316
4016
1880
3600
1955
4050
9896
8276
7088
1088
7190
9775
5080
3802
6388
8176
4472
1840
3211
2154
2319
9496
5620
6317
4374
2189
4400
6469
2436
9434
3920
5202
9500
1800
6896
5864
1448
4409
8006
300
3616
7533
4086
7410
4960
5276
1505
6870
4575
2050
5660
2880
4233
5492
8941
5532
2710
8832
4362
2126
6274
2200
7690
4538
9120
3952
688
2384
7184
9818
9280
2620
2430
9776
5384
8410
3225
1088
8110
4967
3966
7950
3523
2000
2543
6800
4946
6330
1627
8849
6920
136
3323
4216
7880
9000
2829
8920
2500
4600
1340
7648
4842
2448
4800
4490
7672
2354
7579
2124
5896
5591
5008
6702
2362
7856
3688
7878
4840
7991
3752
544
444
6775
9582
8798
7398
2552
4484
9676
9212
6560
4020
2300
552
1988
7826
8504
7724
240
5204
7216
7202
3184
4361
9705
4215
8317
9335
5800
7952
9080
1040
398
7821
4924
4625
8707
936
645
3180
854
4650
5780
4224
9299
8676
1536
9115
4168
9312
880
568
8160
920
4869
275
2940
9490
1170
7284
3544
9608
876
7144
790
6600
6650
9910
6125
318
9290
7734
2912
7160
2554
4540
7268
9312
179
3060
1738
6943
3593
3904
3474
3908
4700
5360
6723
2355
2150
6728
9600
5564
912
297
144
4880
5851
9496
5440
1310
6852
6776
0
735
528
3380
7394
5007
7120
2624
2768
404
8290
7612
7054
8027
7464
1262
5413
3320
7410
9504
1114
3527
6694
7240
8685
4408
1551
5904
4888
5200
2251
9214
4640
1399
8484
2329
890
5028
6109
7576
1990
1062
2488
7937
1448
3920
6000
8180
1336
1411
8382
716
5328
5932
6148
9068
6078
3479
7629
9504
6420
9229
9739
552
3748
6966
4536
4828
9200
3177
8736
7088
2736
5920
6132
6898
3735
5118
4064
826
2936
7086
7663
6680
4698
4200
1765
2117
1840
8096
8266
5438
830
3088
9238
6659
7252
8125
9356
1176
434
1356
8332
9900
6696
1064
3330
4672
7276
770
3448
6079
7016
5003
7840
7145
3950
3780
5232
7632
2976
2021
1512
3750
7736
7582
6270
1582
679
776
5083
7470
8959
8330
1456
4041
7360
8450
9250
6456
1960
5668
2539
7137
5086
1428
6850
2273
4816
8580
9274
2432
2350
6590
415
6812
5375
9065
450
3840
5382
7640
2382
2475
6911
9858
2746
3330
7456
7736
5233
540
7275
4094
1150
6164
880
1818
5920
4524
4400
1426
7358
7616
4584
4200
4672
8526
5200
2753
8960
277
4897
9710
5720
5105
1120
5332
4626
7750
3780
6881
3633
9632
3407
6180
2834
1750
7969
2488
450
5200
4047
1484
5382
3232
8044
9156
6702
7994
4808
1327
8480
2732
2508
4860
4372
3840
8872
7260
9822
8916
9500
4548
6816
139
4610
8068
3024
85
6250
27
4904
2637
8976
4705
5148
3978
7560
8646
2759
1110
1500
2666
2400
3900
1400
1360
8706
7056
7925
3108
6800
4770
3605
381
1258
3232
5840
6828
9598
2669
4158
2646
7280
4226
4509
8726
2000
3790
7808
2233
2519
112
5590
6340
4478
4402
2492
2528
5451
2952
3628
7564
6920
5760
6514
5796
4187
7180
7434
3820
4017
5079
6559
794
5262
2868
2088
392
4736
5725
7936
6178
8813
5286
5570
4197
1512
3638
2560
2227
3642
4668
8152
4090
7518
4410
2676
4102
2048
2625
9392
5487
5118
3354
8427
5464
5769
1036
2640
5854
8138
4224
5680
2050
470
618
9072
9330
4258
9598
7320
7108
1433
440
1546
25
5165
3660
8675
6903
2900
1650
6340
4960
161
6992
9500
3075
8017
4582
1838
7922
1378
6800
5018
9787
3968
5860
1024
3358
9420
5363
3003
4656
2098
1195
1656
8628
3392
8132
7049
3024
8364
7391
529
2776
920
554
8760
342
559
2255
7116
8781
3258
2218
2425
7453
3191
1404
4732
5824
3416
1756
670
76
8980
6270
9008
2034
5611
6820
812
8177
7900
1646
1674
356
8349
3560
7585
6510
5860
4368
3178
7446
5612
3156
7108
9428
3788
2932
1496
1994
7152
9075
1225
7872
5029
1775
7004
2526
4342
4260
6336
9059
5196
2187
8166
9064
4448
2434
5380
9670
3384
6509
7411
4513
5372
2380
1648
6316
2354
2926
7556
2000
1906
9647
224
9034
6728
4280
2680
1965
5136
9782
7832
4282
9345
3648
3830
6190
7429
1400
1434
9795
8590
1700
9000
1652
6010
2464
8623
4112
7915
2424
3200
7915
9478
2760
5000
4523
6165
4270
3376
6482
7937
7836
2234
3696
8412
974
3477
457
4880
2508
2824
2092
6434
7250
9925
9174
2783
2058
5694
1768
5215
2832
7560
8743
6358
5404
8380
9716
4066
8736
4788
160
3768
5420
9765
9772
5832
321
1500
8292
5184
500
5604
950
9790
120
6130
5871
8214
9860
822
2672
6885
2640
6252
6652
5932
5616
2420
9632
7232
3918
6762
8191
2740
5036
4459
6068
3302
4544
6313
609
6800
8080
2568
5370
9776
1919
8704
9112
2612
3128
2768
3567
4514
2068
2150
1016
5705
9124
7496
8149
8456
7760
4560
7241
669
878
2098
3841
9728
802
1316
4332
4194
7430
4935
1312
1720
1520
5470
1245
1765
8805
8676
8864
2240
4954
6140
6399
7328
8693
1655
7282
7592
6685
7858
252
2165
3715
3962
9500
2800
9462
5214
5926
7950
1763
1120
7792
6980
7968
676
4759
7296
8655
3304
1566
9727
1884
5444
6308
9538
2708
4391
2474
4674
8200
6866
6940
1000
8250
3188
887
6913
5535
6640
5898
3650
3644
3970
3202
1875
6034
2750
9576
3872
210
9737
5031
6304
4338
692
7296
9872
3782
233
9785
6783
9350
5381
4000
8716
3325
9219
996
4321
9360
9736
4960
2584
7400
1500
4928
8528
9344
5760
2712
9545
2796
9966
2186
6774
8892
6845
2350
3880
9098
1160
7666
6005
5425
5426
9798
1830
1946
8504
6536
2060
5078
1120
192
3810
2135
2948
2026
1383
8176
0
9300
4003
9920
5778
2750
503
7410
2112
4580
5262
788
9682
944
7162
3004
1925
8637
2210
1240
967
8624
5560
8486
8930
8743
8722
7070
2495
1440
2752
8718
3576
4544
7716
8540
1130
4002
855
6512
5270
8232
727
4230
3039
5440
48
2588
1446
8540
9920
11
6531
9405
1055
4240
1279
8992
3919
3525
3190
2866
2300
4936
8945
8776
4630
4656
3736
1250
8885
4050
7416
9998
4514
2884
5664
8359
1686
8368
1515
451
7476
9372
8812
8576
4438
73
1152
8664
5585
6382
2216
4929
7020
3114
8041
4100
1550
7886
720
3580
8318
1620
7776
9266
4044
107
5104
1408
6410
9778
5017
7858
5800
3178
6936
1968
486
5772
7545
934
6472
3160
7344
7248
6684
7620
1660
512
1128
3662
8984
6414
936
3896
6088
2200
1883
7008
3926
7054
1334
7812
9090
9616
8572
8351
6144
3631
3838
4070
6243
6432
2264
6480
25
7531
7752
2070
6935
2896
5552
6388
9724
1332
9207
492
1283
9980
3040
1760
2704
1570
6050
340
8304
295
7038
1075
9348
4784
8144
8800
6054
8950
9271
6148
4508
4742
3701
8522
613
8775
5491
3945
3810
2469
44
1048
5344
6560
9392
9822
2404
9340
864
7046
5620
502
410
2645
2286
928
400
7850
8870
4000
9812
1830
5950
2660
4325
5460
6260
3490
3282
4185
7210
7126
650
1228
9226
5880
1812
3128
4000
4568
4032
9155
372
8690
6800
7960
1322
4848
7985
5814
4374
5050
1736
2436
1956
5492
3280
7476
7136
6400
2697
4451
9662
4415
939
2164
8120
9280
8949
8088
4808
9654
7796
5154
3059
2532
4995
880
6368
646
5950
9544
791
5262
1495
612
3410
4400
9964
7019
1168
3729
872
3536
4872
7650
6095
6352
9200
845
3580
7322
2274
6662
826
4632
8696
4503
7300
6995
3696
6875
7168
6473
150
8812
3143
1336
3325
1070
6664
6643
7530
278
85
1223
8868
6928
2925
6380
2146
2804
6040
3183
9182
2936
4450
5381
680
4770
6323
7816
2829
9373
7568
7004
9168
3971
9025
9170
709
4001
1060
2065
9305
6221
9984
4256
2544
9240
7274
820
9980
1123
3704
410
9880
8517
46
5053
1692
470
9680
2992
3640
2588
6902
6219
5866
200
3944
8465
9955
320
5082
5386
3356
8268
5627
9176
2560
453
4504
3358
9712
3500
2278
8146
5296
2932
3775
6400
217
9606
6259
6080
7064
9169
5526
1717
6720
8768
7934
4552
9244
7895
2272
5865
5451
5000
9540
9442
3890
2466
8223
1194
3425
6376
7656
4940
7040
1172
8528
7759
3208
4623
212
8076
4961
7936
3065
3370
5796
4596
3084
5080
1840
3450
7760
4956
9002
2408
5838
3040
7778
904
2368
2424
5800
6528
9136
6992
5718
3609
7776
3314
6574
4045
544
8300
5140
1924
7865
5620
7572
5430
1188
3606
5115
1568
5992
7223
2160
4000
7118
300
6720
3120
8862
6156
9418
689
1973
6999
4804
7055
912
8470
1550
3343
7756
1160
3126
2928
2304
9568
1970
4474
7836
8688
2926
8004
5920
9582
5952
8272
3756
649
4707
2752
3159
4725
9108
1016
1431
7649
1686
3460
4988
431
5264
4800
3131
4102
3600
1980
3406
2152
4980
9905
968
4730
9840
8136
1690
9936
6816
5663
499
1328
4852
7432
6868
752
9592
5200
3948
5596
4810
5174
3727
8304
6351
1407
668
90
2550
9056
2699
2198
6520
3428
3740
2058
1440
2954
244
270
9502
4570
1335
300
5960
7868
365
4340
572
9210
8839
2118
6644
3096
5233
7567
6322
1488
9408
2599
2064
1115
2084
6761
4400
3289
4450
2795
8340
6233
5689
2210
8785
1460
9214
4030
8480
8588
3782
8660
632
8336
4908
8200
3608
7556
8402
7975
9876
7520
1764
916
2380
6510
800
776
2940
1954
6048
88
3712
144
6625
225
7834
6130
8400
9384
3390
1386
1968
672
2775
8144
1401
9532
6642
1908
5604
2602
80
9502
1066
5308
4888
2220
6440
1424
3880
5740
8088
3888
4398
5227
4699
8070
4768
7172
1845
3782
1280
7285
4186
9162
3090
7420
735
6836
2384
9275
9338
6765
3756
1200
5408
6852
3130
4476
6844
2120
2931
1970
9276
9690
6476
1070
6032
8520
3030
9388
9281
1760
2761
3816
7884
3770
652
8896
9146
368
9015
8320
9925
3648
528
9790
9700
3520
8042
5006
6988
4664
1075
6512
1454
4503
1360
8292
1652
272
2250
4682
8442
6074
5190
4250
8690
7532
1381
5144
7600
9598
3768
5448
3315
9969
8909
1684
4705
8565
5120
3920
1097
9120
7805
8392
9824
7416
1528
8116
1981
6840
1112
8745
7586
1318
7125
2504
3563
3364
2648
6824
7042
7822
1840
2304
4237
4665
6858
6666
5472
4805
5368
660
7192
4171
5360
3995
1717
1000
5416
920
8928
4152
9678
5808
6208
875
9070
2057
8740
5624
7520
7006
1966
2609
5421
5856
9916
3055
7872
2066
7123
7066
1946
5912
1888
1910
8960
9288
1090
5520
1277
3750
1692
3480
9970
8832
8050
5700
186
5985
6245
4030
6136
2920
5225
6346
3840
9318
6334
1368
4625
4650
3989
9606
408
3636
4855
2656
9587
9546
6519
4476
8106
5881
200
5616
1914
9354
990
4964
6250
112
7810
5182
2714
6150
4876
7635
9300
6258
7790
2596
696
3792
5792
9465
8194
1032
3940
431
7940
8378
3856
6875
6536
7728
2070
8688
4570
4724
1008
5863
1288
2211
6720
1414
3985
28
9795
1028
2049
1311
2800
6320
9313
7572
8180
6200
4689
8752
6324
8549
7000
8724
1886
1490
6691
9975
7270
4535
8106
9061
4130
9068
8140
9562
9010
9658
2255
6646
7658
9108
905
6648
6744
5514
9950
4520
2296
2621
2108
2016
793
9920
7510
5855
3740
6497
2304
2965
2695
6800
5135
7660
8827
7895
4899
1219
9936
2680
6828
1850
4087
6860
8955
3937
443
2400
7147
2892
7769
2922
524
9694
9833
2822
5216
6388
4126
8128
7215
240
394
7976
6104
4001
7200
9226
3687
5195
630
6670
9903
8011
1384
5588
2617
7404
6677
5070
2880
8640
1450
2117
2640
9395
4734
6645
3796
6206
2751
7148
4575
2660
2515
2798
5279
2722
1880
2332
7784
785
3303
2814
5435
7408
2261
8310
7828
4153
3944
2104
4854
1188
9960
7382
5676
3515
4924
168
6341
6200
1296
9541
2053
5872
8702
677
2460
7950
1030
7896
9230
6744
5028
800
338
8720
6192
9083
197
7220
472
2457
2196
8485
9750
8473
5565
5944
8095
2624
6716
4737
3560
5779
1350
745
2262
2026
5707
1891
8236
7092
5896
1616
613
5632
1330
8029
860
8195
1840
5886
3008
5516
896
6840
9285
1460
5232
8096
2160
4138
7834
2580
2624
9605
7780
6785
8800
5015
7052
240
2714
2461
493
8086
8398
1731
8880
7880
4984
2646
1053
7720
4836
4504
4171
5024
7646
3350
503
1766
3186
9888
7948
4448
2115
5180
300
3424
1824
4652
3799
8845
6816
181
4290
8080
3944
7972
7700
4320
5896
5152
9750
7440
6316
3514
546
3001
5042
1130
4380
9134
9018
114
9785
9790
4979
4337
4456
571
200
9168
5420
8943
1075
3075
2686
3464
7562
5050
6169
1761
7810
909
1377
8863
4828
6759
4752
7225
9090
4576
620
9330
9968
9581
3140
3674
3656
2360
398
1093
709
4400
9831
4682
4040
650
1584
8346
4812
3326
5352
3585
6325
4762
162
1430
7124
4217
1920
9071
4294
4300
1695
6438
9232
3950
3197
4685
8445
7860
2345
8964
781
9000
8734
5148
4130
9646
5360
4220
9178
6463
2136
1226
6621
9055
2296
4826
4000
7852
7645
7732
768
3918
4900
2101
4266
5818
9208
694
7950
2626
8736
7540
2788
5012
5294
502
1068
2792
9596
3786
4763
2752
8445
252
7776
129
7992
2796
6080
9680
364
8740
3096
4715
251
1709
4378
6767
7788
4720
4368
9570
804
2000
1086
2794
996
9744
6644
890
3636
5280
580
6856
4848
7939
8102
8154
5533
1645
2088
1344
4282
5238
7365
714
5356
7340
9896
6532
7911
5047
6520
5930
2260
4665
810
1750
3795
4806
6832
5760
8860
2476
5325
1050
7934
7602
3695
7416
3892
1072
5956
4180
800
5440
7296
7001
8150
8678
1091
1207
464
3858
6476
2896
9000
5057
6294
3874
1075
8386
9269
7500
6303
8894
2474
5755
3568
1533
2690
9484
6128
9224
7944
1914
1104
8140
5200
770
7221
1323
7770
3538
2385
2494
1698
3556
4646
2528
3212
5970
6060
3220
7200
5396
4431
3552
3128
1722
9951
1115
7208
7870
1120
8267
8955
6579
9136
4345
9280
4408
2335
4308
6186
7840
2700
2087
3492
8192
2156
2135
1881
4728
9601
1264
2936
9784
4102
4412
7282
330
8920
6576
355
9971
3257
7360
6160
368
56
8520
4440
9184
3236
6825
993
6420
3600
4165
212
3016
2121
341
3736
7135
6015
1250
7016
2330
7998
2285
976
2332
1284
6200
6834
800
560
3900
2224
327
3455
9955
5168
7716
1552
9547
1
1024
4856
7060
5808
9488
4160
2024
3046
4020
1816
1014
6656
8665
3801
5152
9630
9639
1749
476
1956
8850
8676
5090
8676
864
9166
80
1812
2850
7150
8688
400
3440
1172
1776
2853
5395
7708
9460
8432
8776
7950
2790
4113
2171
2490
4684
7719
218
6196
9815
2408
7280
9451
8857
1710
1394
5808
6576
1824
935
3188
8308
4450
8960
5611
4510
300
3100
4781
8026
7308
3914
6960
3065
2200
1446
930
2000
7300
1328
1890
9502
5860
9305
7184
7300
4123
1244
5029
480
710
4480
8872
2930
5227
6850
4474
7328
9921
5
5772
1689
2290
7199
6648
3440
3096
7055
7781
7819
5565
7756
9608
3500
7040
6697
5365
3820
4729
3350
7914
4984
7068
5577
7877
3695
7664
8184
622
5504
4160
8500
5544
9690
801
3200
3375
6605
2576
8080
9394
4024
1782
7731
3561
4692
1008
4763
1380
9490
4000
1428
6110
560
101
1875
8096
6792
4428
6070
4050
9262
2825
1256
2280
2752
6409
7800
4116
9710
6295
2572
9800
8981
8400
632
817
5075
1120
3600
1072
6112
8046
1389
5635
3660
7838
5136
3182
9802
9796
1640
8679
9564
6690
8702
64
6000
703
9289
9001
3224
8480
3700
5534
7878
8122
3048
4444
4348
1936
1084
7970
8699
4280
5376
6055
4560
575
1744
2681
7691
7068
7925
8880
800
9656
8300
1856
9317
468
9022
7512
8520
4016
7840
4400
9110
5500
2674
532
7470
1166
9250
5356
2179
3997
3246
9645
4440
2252
6752
8337
800
876
8845
5620
1640
7575
7492
2801
5570
2240
6767
2496
1784
8258
3552
8495
7400
1970
3663
100
5010
6328
5328
1216
6185
5015
8241
1316
9672
524
4775
4043
7414
9520
2688
4072
7346
6613
4208
6010
7406
3077
3125
2718
450
1300
25
1072
2060
1179
6947
9555
9530
6440
3923
6199
7620
9325
2120
3525
7755
8665
2838
3414
1664
2468
9616
2884
1544
5348
4704
3495
3636
3894
1840
566
8631
5451
7600
8421
9969
7300
2288
4243
3101
9680
2563
8408
4760
4974
9670
1660
3040
6312
6550
4310
1005
8728
9987
7252
7049
6270
5128
7080
4569
6050
3008
4884
9792
4296
8540
8690
3020
8360
245
6529
9024
7344
4591
8685
5730
3636
8720
8595
9137
2112
4340
6040
3592
5447
275
3628
6690
1740
8688
8935
6920
5230
5426
4496
3520
1010
4532
7796
9478
4802
811
3526
3799
1225
3250
8819
7910
1228
8344
5473
1640
13
1008
8400
7136
7512
5012
7810
952
7576
2497
9160
6000
4860
5870
1625
4120
3173
2288
6032
1351
4290
1008
3912
2686
3984
5750
5784
4255
1888
4144
5518
5032
301
9520
5000
1654
440
1482
4182
5140
3864
1372
5038
3902
4160
4666
864
3284
6110
6360
91
4805
4962
6488
4450
7260
7340
7973
8370
288
6591
1104
7550
72
4403
9760
9050
9340
7953
6560
8478
9130
3520
6851
4945
6997
8115
4730
8736
3230
2314
345
9676
2480
2692
8512
5430
1964
7000
352
816
4520
1855
4510
2260
3858
2464
6419
2880
624
2193
9828
1984
4525
2926
6284
9270
8852
236
3229
9181
4535
8625
4860
