380
604
374
6
736
220
438
579
10
418
960
480
480
894
526
395
300
442
514
900
279
686
832
414
862
360
328
204
160
866
425
544
780
228
312
391
545
885
913
711
632
880
552
971
421
218
185
470
784
528
900
898
812
780
135
818
320
616
40
797
923
188
688
601
832
580
401
718
70
184
460
796
570
912
28
984
92
375
340
394
830
257
473
533
316
144
852
136
79
980
386
444
380
930
875
921
348
748
436
432
234
536
646
264
180
260
692
432
524
344
925
596
472
503
400
328
453
464
284
712
774
970
0
246
430
308
604
219
916
504
946
568
460
937
50
292
668
90
720
572
352
978
316
922
68
520
792
34
200
900
110
308
457
327
970
224
747
266
100
892
62
471
687
850
360
650
232
56
342
23
885
500
955
274
349
564
949
320
933
538
11
180
600
715
392
936
558
246
459
160
955
176
600
280
214
592
388
158
583
374
773
840
910
740
420
360
870
600
388
900
216
318
529
350
312
916
533
427
332
756
565
850
25
150
756
403
69
565
903
296
314
640
640
337
900
730
252
785
905
518
623
120
688
626
684
444
942
118
24
226
342
651
650
924
215
501
905
392
202
260
500
388
120
216
370
518
315
268
547
912
153
508
54
575
660
940
812
908
176
270
919
778
884
720
840
848
54
392
960
80
760
680
202
34
800
38
720
56
945
817
80
658
614
816
286
89
592
984
230
360
802
136
20
299
465
564
539
900
270
0
596
469
0
124
539
104
802
940
736
856
300
800
390
210
232
524
350
84
760
926
772
832
192
746
876
900
210
375
512
296
700
292
784
564
280
95
128
124
768
950
176
360
200
178
6
254
952
312
578
972
985
418
512
720
820
800
90
300
984
283
194
220
460
236
734
548
814
89
180
430
93
912
736
647
312
488
665
722
932
943
11
317
926
626
64
590
862
498
144
912
739
377
887
188
920
495
796
505
155
26
530
368
714
490
328
675
482
454
296
980
951
25
320
165
39
780
616
863
900
428
414
550
704
800
899
184
405
864
243
978
206
442
550
504
288
750
598
840
494
0
510
761
923
728
392
719
180
816
824
647
335
704
123
424
236
302
829
95
595
295
470
280
149
368
756
717
873
922
762
361
147
135
306
820
744
505
944
432
191
240
518
665
320
891
485
610
490
722
142
132
718
470
410
900
23
579
51
869
636
0
565
555
614
83
280
563
350
862
55
600
232
684
80
924
880
750
608
570
290
102
672
956
936
595
403
728
160
130
332
76
633
273
296
996
675
176
117
925
315
982
883
352
118
510
672
65
700
288
869
114
720
208
491
210
488
2
606
334
120
380
228
475
474
401
175
352
200
780
162
422
784
342
200
384
977
432
160
846
955
838
641
633
721
964
12
340
738
890
576
680
100
864
436
784
899
395
482
650
475
211
250
608
362
680
725
80
942
300
800
627
946
610
166
625
420
828
70
668
880
800
0
504
667
100
972
680
688
760
668
356
740
516
236
348
632
648
28
556
342
178
205
240
475
280
228
256
552
463
403
74
592
690
5
984
231
500
411
587
790
552
473
700
895
920
295
968
904
855
488
594
752
469
632
420
522
16
608
955
868
204
771
896
588
130
634
153
184
366
831
278
472
925
136
982
266
360
602
930
100
760
88
956
260
664
624
360
95
20
808
790
114
280
909
4
650
888
720
65
182
565
408
995
536
152
644
218
884
896
706
33
572
728
4
944
320
456
145
176
66
896
298
962
120
978
962
812
593
379
206
320
847
752
185
51
3
780
773
460
484
305
759
88
798
706
288
754
375
12
249
873
154
461
500
435
624
302
848
296
136
150
86
708
644
532
704
628
487
89
589
713
280
900
836
168
688
80
180
767
236
680
540
660
782
883
890
540
696
548
475
674
964
824
360
372
110
534
648
382
115
676
203
848
808
964
520
20
798
410
690
876
274
656
724
338
155
208
550
571
795
336
656
458
339
828
668
455
108
666
837
602
280
663
28
15
225
280
216
180
700
544
828
168
810
75
42
90
840
110
208
596
756
560
610
906
158
408
621
260
667
129
990
625
429
880
460
376
383
139
9
592
420
140
685
655
944
578
852
750
420
342
176
225
0
880
303
420
328
669
31
742
100
424
228
497
188
900
82
140
192
576
600
555
596
694
252
340
35
925
29
952
536
236
950
376
496
586
651
544
727
965
700
0
880
952
476
531
6
512
390
430
384
813
904
362
800
656
625
205
916
440
659
736
791
96
30
436
864
455
669
86
604
896
740
342
976
852
369
290
232
338
